             数学成绩       阅读成绩       写作成绩
综合因素指标                                 
-112    58.312500  72.250000  72.500000
-102    64.600000  63.700000  64.400000
-56     57.266667  67.333333  67.533333
-46     64.555556  62.333333  62.222222
-12     55.916667  70.250000  70.916667
-2      60.000000  61.363636  59.727273
 0      67.916667  79.583333  80.833333
 10     68.882353  68.882353  68.000000
 44     63.571429  78.285714  80.000000
 54     68.600000  68.400000  71.600000
 100    66.500000  78.500000  81.500000
 110    67.000000  69.666667  70.555556
 888    73.846154  81.961538  83.807692
 898    80.120000  77.080000  76.360000
 944    66.857143  75.428571  77.571429
 954    70.222222  65.111111  64.000000
 988    67.956522  77.391304  77.869565
 998    72.322581  69.838710  68.354839
 1000   70.900000  79.766667  82.100000
 1010   77.260870  75.086957  74.347826
 1044   76.142857  84.285714  85.571429
 1054   91.000000  85.000000  85.000000
 1100   73.571429  81.928571  83.857143
 1110   80.400000  75.200000  77.266667
 9888   58.535714  67.392857  66.250000
 9898   61.280000  58.440000  54.960000
 9944   47.772727  60.090909  55.818182
 9954   55.208333  55.083333  50.708333
 9988   46.083333  56.250000  53.041667
 9998   60.928571  57.071429  52.428571
 10000  53.000000  65.583333  63.833333
 10010  65.125000  62.875000  59.416667
 10044  52.000000  66.142857  64.000000
 10054  63.200000  66.800000  62.200000
 10100  61.571429  71.428571  72.571429
 10110  59.615385  59.846154  57.153846
 10888  67.208333  73.020833  73.833333
 10898  68.166667  62.375000  60.270833
 10944  63.558140  70.302326  68.418605
 10954  67.254902  63.058824  59.647059
 10988  64.250000  72.375000  71.843750
 10998  69.218750  64.187500  59.093750
 11000  67.100000  73.520000  72.380000
 11010  71.190476  65.261905  62.880952
 11044  70.133333  77.600000  79.200000
 11054  80.916667  76.750000  76.333333
 11100  69.703704  77.555556  77.629630
 11110  72.111111  67.333333  65.777778
